BODY: 1500, 0.6869824445180523
TITLE: 1500, 0.6720768466379596
TOGETHER: 
